Rabin
p 9.53 -6
e 0.000502

p 5.722 -6
e 000057

p 1.28 -5
e 0.00267

p 1.00 -5
e 0.00253

p 1.12 -5
e 0.00415

1.12 -5
000473

1.311 -5
0.00620

6.198 -6
0.002

1.311 -5
0.00796

Knuth

1.9788 -5
0.0002

2.24 -5
0.00061

2.241 -5
0.00097

2.00 -5
0.00101

2.074 -5
0.00165

2.1934 -5
0.00199

2.169 -5
0.00231

2.135 -5
0.00342

1.192 -5
0.001629

Suffix tree

0.014
2.12 -5

0.0284
2.6702 -5

0.0380
3.480 -5

0.0513
3.743 -5

0.0272
2.408 -5

0.0239
2.717 -5

0.0285
2.765 -5

0.0315
3.991 -5

0.08399
5.459 -5
